
    Variable |        Obs        Mean    Std. Dev.       Min        Max
-------------+---------------------------------------------------------
        inno |        360    78023.08    119452.1        431     807700
         fdi |        360    9825.071    16677.38   159.0156   134745.1
         odi |        360    127.1146    236.4605   .0173628   1592.008
     finance |        360    1.295004    .4455675   .5524752   2.647689
   transport |        360    14.74336    7.757897       1.18      34.23
-------------+---------------------------------------------------------
          rd |        360    418.2628    521.5841     3.3479   3098.489
    industry |        360    .3550985    .0837464   .1121595    .573781
        info |        360    1553.726    1535.762       25.6       8538
        OPEN |        360    .0292556    .0323886   .0012779   .1597324
